<html>
<head><meta charset="utf-8" /></head>
<body>
<div>
    <script src="https://cdnjs.cloudflare.com/ajax/libs/mathjax/2.7.5/MathJax.js?config=TeX-AMS-MML_SVG"></script>
    <script type="text/javascript">
window.PlotlyConfig = {MathJaxConfig: 'local'};
</script>
<script src="https://cdn.plot.ly/plotly-2.3.0.min.js"></script>

    <div
        id=57cb235e-cf4a-4a50-8a00-1a333ccce8b1
        class="plotly-graph-div"
        style="height:100%; width:100%;">
    </div>
    <script type="text/javascript">
        
        window.PLOTLYENV = window.PLOTLYENV || {}
        
        if (document.getElementById('57cb235e-cf4a-4a50-8a00-1a333ccce8b1')) {
    Plotly.newPlot(
        '57cb235e-cf4a-4a50-8a00-1a333ccce8b1',
        [{"y":["AA204695","AA828835","AAK1","AB073660","ABLIM3","ACOT9","ACP1","ACRBP","ACSBG1","ACSL1","ACTB","ACTG1","ADAM17","ADAP2","AF023158","AF086272","AF289615","AFF4","AFG3L1","AGAP4","AGAP6","AGAP8","AGBL5","AGPHD1","AHR","AHSP","AI539492","AI559179","AI738931","AI821401","AI873192","AIF1","AJ227862","AJ312026","AK000189","AK001020","AK001108","AK001127","AK022140","AK022393","AK023756","AK024852","AK025082","AK025793","AK026905","AK057879","AK091747","AK123006","AK124771","AK125166","AK125170","AK125871","AK126318","AK128829","AK129699","AK130706","AK130848","AK130930","AKAP2","AKR1C3","AKR1C4","AL049390","AL049987","AL110204","AL359560","AL832567","AL832858","ALAD","ALAS2","ALOX12","ALPP","AM393437","AMY2A","AMY2B","ANKRD36","ANKRD36B","ANKRD44","ANKRD9","ANO6","AP3S1","APOBEC3F","APOBEC3G","AQP9","ARHGAP21","ARHGEF10L","ARID1B","ARL16","ARMC10","ARPC3"],"type":"heatmap","z":[[0.0,0.7498280735509019,0.7375761034908392,0.8648861013988243,-0.02454435573785614,-0.481874518955634,-0.5266588311564662,-0.058979991819844105,-0.06964678695100499,-0.04896353020222935,-0.6743630730741601,-0.6863894027310653,0.7229452515946626,-0.2531127829648518,0.026599723267978916,0.7480775906553981,0.8678635504021263,0.9086655715519508,0.7021516937361882,0.7911101715853465,0.7413403162717589,0.6557595657420248,0.09278896706968691,0.9522414379357056,0.812814220906801,0.05901462795972215,0.8542273878407296,0.8343345653349232,0.9159322327612059,0.8547435405496182,0.8320809352892876,-0.20847973573097484,0.7446896192797003,0.8125103169335125,0.7545053813649621,0.6894713985949835,0.7601434142425636,0.9538030967037257,0.7944709395387226,0.7012038079972794,0.705757731149688,0.7180719550542657,0.7498857129083909,0.8266524459347514,0.9403146796038052,0.08305972436667775,0.795319795145098,0.6563854300688732,0.7572003038186192,0.693873596486229,0.8978960557220638,0.02666933037839012,0.6592714412812457,0.793548576916184,0.7853427915652553,0.737234264928503,0.6252224605614645,0.8098398103223583,0.9707518003545861,-0.2085227388901818,-0.35235216992312,0.7876068259727241,0.7155414590625641,0.780236769727029,0.7424200574602372,0.9488306264596201,0.6083773347623409,-0.7694428438162575,0.03512375762632778,0.001222661279489799,0.9227964239356051,0.6965405269766184,0.4762791414191164,0.5090215834848486,0.8119175220444588,0.6509280798211666,0.9449366775613068,-0.06371463643311005,-0.20409935043819208,-0.5536142645220523,-0.5396875357785669,-0.5349701223341311,-0.10924612823541759,0.13345698121784363,0.07242508676391311,0.5650279685477361,0.8470454857283977,-0.5050676574220178,-0.541998019851856],[0.7498280735509019,0.0,0.5939259995105663,0.7131489328165196,0.06971680035744746,-0.6521386440140888,-0.529120494177655,0.03890303940199261,0.02456758591967157,-0.22430497623239581,-0.6208282121431774,-0.6639115743557066,0.6307780850453457,-0.3950423507190096,0.04536131341717344,0.6710952248892804,0.7814791382751276,0.7933363041592425,0.5950137314872748,0.6004653776419762,0.6565330214576075,0.6635064448965127,0.23945390168472683,0.754815289468459,0.7517461246420772,0.1323287584949995,0.5227102961315643,0.6903468146293115,0.7149685439316726,0.6817447735715076,0.6806011752002646,-0.3968990041783237,0.7405387324779755,0.8568971838413986,0.7688125449472104,0.8252845622909964,0.7077202699606738,0.7970865745714213,0.8288718501773575,0.6346034497150026,0.6497534036596939,0.5896163907388751,0.74322722443332,0.7963883397025516,0.7561753082461533,0.08288871574937927,0.8579564179564151,0.7155337810129264,0.7381236370089794,0.5957648938673146,0.8001827408713539,-0.023687299088264138,0.6599379947548156,0.6382245174967276,0.7658795309939532,0.7655382847946319,0.7510166167492955,0.8004563837647969,0.7743871686924264,-0.24481258258330124,-0.42258320255516413,0.8615124049367853,0.7741170566313189,0.7766187797551771,0.7989416625495018,0.78919880542143,0.5894616902253325,-0.6034253786885105,0.16368029020027217,0.08700418606581493,0.8032593581630548,0.6301680114359512,0.45137397235421106,0.3622359486051077,0.7096068718204881,0.5390709754690998,0.7775571214938027,0.043847253259438584,-0.09464101201241709,-0.5792854365836225,-0.6149820633164096,-0.5632881394888114,-0.2025564799513786,0.18576795331841664,0.011639579285277417,0.7526245360796129,0.6484863880149367,-0.5936196872002031,-0.6644779403167739],[0.7375761034908392,0.5939259995105663,0.0,0.6196714400521895,-0.07250182579358534,-0.46724582844510976,-0.3656091343828387,-0.06874097353799899,-0.09068489136523049,-0.18953755771866776,-0.45322047710077357,-0.45553962402692927,0.49012571712272407,-0.3710741627999238,0.13351953245260548,0.6313893097338276,0.6549596868063163,0.674063859798068,0.5156424375581407,0.6464024917549178,0.4949056249160977,0.6002741565770711,0.04669954429898394,0.6981730840415731,0.6482444063745846,-0.013903899447183298,0.5346075599201787,0.5883945255557952,0.6681445207380948,0.592553139170192,0.6408144834815015,-0.33393233621516943,0.5710046574306917,0.6878182622271496,0.6678182512289506,0.5772053208405087,0.623185289107809,0.7442700915040207,0.5803491266125569,0.4655222799356129,0.5069208244966291,0.46288356234891115,0.6531884478392932,0.6229577988180065,0.7367669844694289,0.10952231381958531,0.6139331249550648,0.5736445567339794,0.5141727020845019,0.46119161128168085,0.7141612552112682,-0.02524940335788094,0.3954288271371508,0.6046398716938001,0.5922928019178268,0.5199149852248365,0.476140752822289,0.5529136894857164,0.7402576684015776,-0.20374678665755494,-0.31783309724103065,0.5753411158312615,0.5665865815370416,0.6875180518942007,0.5799377799824362,0.7306351629546771,0.42995438927153606,-0.6019773100980976,0.005315891917559652,-0.045677611410258646,0.7071618367462706,0.5630333490748579,0.3481668570275535,0.3388931338382107,0.7724332138264042,0.6275766021597823,0.7025820682820869,-0.08368646981939241,-0.23988874574517258,-0.48062302677734076,-0.3978401125219831,-0.40129573594233964,-0.22138350457486952,0.006016133314650088,-0.016267010901418674,0.5394457870625233,0.6244790549298234,-0.38944423620228535,-0.5368180687012939],[0.8648861013988243,0.7131489328165196,0.6196714400521895,0.0,0.032481997829019504,-0.5071878517686814,-0.5465986937636995,-0.031419471345739663,-0.05707871078393985,-0.047111573599654365,-0.6524747678996534,-0.669394302099392,0.6038682007295842,-0.2784054987846546,0.10090665968013254,0.6886525494051777,0.7772511536873088,0.8280442585665173,0.6593988149571003,0.6957321140843706,0.6587110906108742,0.6028101827329593,0.17852437192419965,0.8769245270288252,0.6970028310392576,0.04615030780702208,0.7944130610413126,0.779011758226489,0.8381978479408552,0.7534345031329464,0.7761026379778632,-0.17098238746656214,0.7025071923165608,0.7889279710125142,0.7320874424265049,0.647653509658864,0.7085956084896574,0.8371557768127632,0.7553490915303313,0.714026752958184,0.6685568929748453,0.6540616912958637,0.6847451235816541,0.7367083673829473,0.8256664624330078,0.21636747332923748,0.7638220754760108,0.5950561536381371,0.6870858061470851,0.6169936714261772,0.7769121578813527,0.024373665437486574,0.6249305372437707,0.7069104410769605,0.7303694939994484,0.7018670359974957,0.6304685013163606,0.7902769188623651,0.8602368380185469,-0.23717917597149132,-0.3831214433709077,0.7405218265067087,0.6616706129868329,0.7112611746781956,0.7081437688011466,0.835107965038209,0.6399585714844784,-0.7110123572289568,0.04700098419118135,0.02151083742242702,0.817372323085889,0.6693458087080497,0.4336268341208886,0.4687474175012378,0.7363365187162659,0.5409054784464302,0.8376011712575824,-0.05291976440974761,-0.13851363280604412,-0.5564858762680497,-0.5268802645030977,-0.49564689239365267,-0.09740264867774283,0.13006407112312804,0.08216163035735621,0.5583524248838608,0.7316742632531439,-0.5250969509942733,-0.5024343051833507],[-0.02454435573785614,0.06971680035744746,-0.07250182579358534,0.032481997829019504,0.0,-0.23774256310179967,0.00106890271241313,0.8463586447385958,0.8502995423836865,-0.12512666818536686,-0.0011122690913021186,-0.04130869598105073,-0.03385934248118189,-0.22285540329213038,0.02542960243153761,-0.03197629846765712,-0.014771771348749664,-0.030534801496245174,0.051039680071778566,-0.0457515338078117,0.03729895711694498,0.06690184708499075,0.7640191048286751,0.0015908873967965,-0.0721620844320161,0.15068364292821257,-0.04508616717274158,0.013704913073887137,-0.05165252422245811,-0.05326093592759865,-0.07189478288169006,-0.12082742299241127,-0.050615461258854494,0.005029322277327591,0.04359073132966657,0.02304492320389556,-0.05689164997753962,-0.035694217448796514,-0.0057039483514337574,0.003970571861300357,-0.018971173750381744,-0.09055319174718121,-0.025285296178793056,0.016078330028834287,-0.03731941300493029,0.0429620963838604,0.006165877545489156,-0.04746778436515716,0.03187513123910993,-0.011969431333842881,-0.03827327121951102,0.3237037776392103,0.06436891000144528,-0.04010586975573301,0.08141600894782292,0.020418992486622222,0.05464107670892534,0.040391325829564916,-0.03209049912502963,-0.019814753091427988,-0.08410820382754446,0.024492560562949243,-0.019193027148030294,-0.06315911966220314,0.04242501798647243,-0.01822169608360106,-0.0683261620909708,-0.0694924277891932,0.17567155052072836,0.886246791565359,-0.0424516286506544,-0.027803657553971132,-0.005729699048845609,0.015186872321179972,0.01313240201783067,0.03536342800821299,-0.03155749608830397,0.8558280651158795,0.7776996153831655,-0.14182100955824992,-0.1775519069533687,-0.1740560212202041,-0.1396521306507105,0.8131303755667489,0.2908970331842062,0.05844013106246578,-0.08598444416506254,-0.20759283231104764,-0.12793864074076672],[-0.481874518955634,-0.6521386440140888,-0.46724582844510976,-0.5071878517686814,-0.23774256310179967,0.0,0.5595116842576477,-0.21478793256648748,-0.1538316523635583,0.3949163620108605,0.6068773336476366,0.5684177276691553,-0.4153930099883013,0.5610323817915714,-0.05924374195112615,-0.4810080933646138,-0.5350147374607087,-0.5320182499952857,-0.4871925180002181,-0.3793605895217266,-0.48842289012235063,-0.5439101128018197,-0.41680216210150695,-0.5054087361298684,-0.5063371719409984,-0.12154834739361985,-0.26091115095598394,-0.5034155203646505,-0.47852011986372517,-0.41061055428445264,-0.43936216328268896,0.49973362554896456,-0.5324845101144252,-0.6003580292028527,-0.5855977197500525,-0.7600077319163545,-0.4823451194775243,-0.5560093877893046,-0.6394648545950883,-0.5313507413017458,-0.42283883216500817,-0.3618719135249122,-0.4802313692032541,-0.554461166943684,-0.5474845689343768,-0.06431030963509868,-0.644988970101195,-0.5534868703822634,-0.4761320156807193,-0.4024654779020455,-0.5873004464508405,-0.048699528723089074,-0.5130508335091009,-0.43973577217071097,-0.5717735730037724,-0.5867354471614332,-0.5802032665538451,-0.5895217754777219,-0.5355093169028879,0.1778299435847379,0.35919230705615046,-0.6295572073360615,-0.5517738539005644,-0.5872202359952354,-0.7244847508372705,-0.5489206590448504,-0.4281604044391818,0.4427024386851495,-0.1346099440897344,-0.21112242649627852,-0.5682304379775448,-0.4320429209341337,-0.4643534569392712,-0.39444286769058984,-0.5083613834791058,-0.3367809666725362,-0.5482321034253904,-0.17700042607963495,0.06027340055951549,0.6959503608317374,0.64623849026004,0.5433742337772709,0.3810227011078151,-0.29059006172829716,-0.08417118191383534,-0.6745174268121972,-0.43806793337301597,0.6824042242100938,0.7596363455564904],[-0.5266588311564662,-0.529120494177655,-0.3656091343828387,-0.5465986937636995,0.00106890271241313,0.5595116842576477,0.0,0.09349856377698997,0.0848307745799133,-0.06379358998878998,0.6216670326995923,0.7742382173493141,-0.6090052874904359,0.0016199261075262952,-0.04005620527198143,-0.49231215705976994,-0.5190182468152091,-0.5990191503070227,-0.5174460974341446,-0.46974321090802484,-0.4818591814502804,-0.5404619417726091,-0.137419252292864,-0.5584127290053233,-0.5112911492251023,-0.08486072359671883,-0.4996250610403338,-0.5349214987730869,-0.5500973085540549,-0.43814440436965757,-0.5113685210061295,-0.04893957808288383,-0.5724023053547094,-0.539294967352816,-0.5153508260743853,-0.5937332442371194,-0.5428099983176503,-0.566744454373673,-0.6164727078580418,-0.586364910142951,-0.5699273301067206,-0.5839403669367613,-0.5119557248084265,-0.5790923979718035,-0.5714646279921002,-0.05679337479704331,-0.6139880794347352,-0.4407933702459049,-0.5471922904774085,-0.5205208267785097,-0.5082943608375681,0.08971861179288,-0.39370983802604165,-0.4553846386916936,-0.5223287281977659,-0.5845034479530674,-0.5173715000432759,-0.6147957776647412,-0.5608622591600616,0.1945683070186596,0.40383064620169706,-0.5428795313061404,-0.4179645979690739,-0.49104497475504016,-0.5130871965359733,-0.5678694765827186,-0.5575946485355991,0.5652861909038321,-0.07185084591356163,0.014889638745926841,-0.5931621156314298,-0.5083601887561736,-0.25817810632084737,-0.2149556154234536,-0.36966095335860055,-0.2540794126643378,-0.5696667668754094,0.08042607641155512,0.22959308238643786,0.7286819418418005,0.6719663117012402,0.5702887755185597,-0.047264541107237185,-0.14762259569964625,0.053926198277124034,-0.3683103472004644,-0.4921304458516568,0.7010736129117725,0.675769006603019],[-0.058979991819844105,0.03890303940199261,-0.06874097353799899,-0.031419471345739663,0.8463586447385958,-0.21478793256648748,0.09349856377698997,0.0,0.7892752069390498,-0.133474340465661,0.03915679060935866,0.03198776898000596,-0.037503209054095404,-0.22693656152466746,0.08992493565380781,-0.08016868202720027,-0.032556153521113726,-0.05063481253061415,-0.012257483921304721,-0.07795243610944157,-0.007132912370519192,0.06442677126817052,0.7100942332812082,-0.03366428453349686,-0.0849978143474255,0.1907739138788596,-0.11008185261292543,-0.028838590191943268,-0.08946563182350596,-0.06366322888151567,-0.10397714411638774,-0.13843657436678938,-0.051147160582822516,-0.0207197459898958,0.02707130455069759,-0.016721060399718136,-0.10181404622134026,-0.06107079378883038,-0.010256962121870689,-0.09114474205257941,-0.05317083626840892,-0.07144550956248691,-0.018154665444574527,0.02402947164555541,-0.06694058739748618,0.10806834331076651,-0.001681849327938437,-0.03497738238019944,0.026278834845933387,-0.033656195272060214,-0.044652784524416074,0.39962855294365485,0.05616839822761702,-0.041629182697751926,0.05234689397510167,0.012886902267197601,0.003086831022640807,0.01099861152385832,-0.06834409822669561,-0.0023810217301139065,-0.050916716181838066,0.01694423568335728,0.012102303767663464,-0.10069593625471301,0.02840587987081644,-0.03659276888183564,-0.04125227756760814,-0.0002742909772634687,0.18293190853903815,0.8152872557827856,-0.06211249662022806,-0.009993021234249687,-0.02641605293349977,-0.028277435960871893,-0.021382836780979134,-0.003649030760909433,-0.06411772246157549,0.7936528692137436,0.7329484007390457,-0.1264194221872919,-0.10314158616394653,-0.10843243914826885,-0.14411512968191292,0.7266256472302828,0.4032987505527063,0.058929082661609025,-0.07032702151070758,-0.19736050877069908,-0.09499945563041898],[-0.06964678695100499,0.02456758591967157,-0.09068489136523049,-0.05707871078393985,0.8502995423836865,-0.1538316523635583,0.0848307745799133,0.7892752069390498,0.0,-0.12822481198476435,0.09596676795114267,0.054880574325635166,-0.10228136340846311,-0.21962571086601837,-0.0383038675395783,-0.0575792264792372,-0.04502262042568182,-0.09446699483384334,-0.02204316435730643,-0.06360153468971715,0.0030912225355166534,-0.020996485757569697,0.7041322108664618,-0.05706678999096716,-0.10274809148189962,0.1764083812504423,-0.09332304625191555,-0.02579780596114596,-0.10422493321647447,-0.08562704796948722,-0.13323004936470403,-0.1287959362749856,-0.03985368635191814,-0.03192831589977246,-0.0303842182428352,-0.03539467637148657,-0.09943388116642944,-0.07540180888617053,-0.05093459099360459,-0.047979190835002045,-0.04633183531336504,-0.1320792754991167,-0.07305392835584171,-0.03283032649678876,-0.07746304290703426,-0.011898020938871209,-0.035982307091987104,-0.03022395814863825,-0.014949281196906987,-0.07817412824332706,-0.07152710755785814,0.2785193442836886,-0.005850009257823878,-0.06671515818069927,0.01560196671264343,-0.009463418875802238,0.01088569121085351,-0.039436068510730615,-0.0781664648433897,0.06696238040668501,0.011592532155818768,-0.030623068434641493,-0.02676200666831911,-0.053160407788502256,-0.026674661809319516,-0.0507153430045785,-0.11464076363856132,-0.019081855870786736,0.17045483328047634,0.8787228937576759,-0.08293470484665533,-0.09303133299171254,-0.0360624736766247,-0.01872004949501416,-0.0002693282190269359,0.038694998418895614,-0.07390114943716866,0.809605739330068,0.7691931885725514,-0.05337197629912265,-0.07589685687036041,-0.08926129303910206,-0.09398859908260614,0.7785932135753978,0.2288475156449932,0.01833213930737722,-0.09398528376694101,-0.11873614725870567,-0.04094612717883047],[-0.04896353020222935,-0.22430497623239581,-0.18953755771866776,-0.047111573599654365,-0.12512666818536686,0.3949163620108605,-0.06379358998878998,-0.133474340465661,-0.12822481198476435,0.0,0.14016997480965523,-0.0628505409405994,0.13169135533268936,0.6276738775010227,0.033608546430082716,-0.056281446989712984,-0.039068396783007206,-0.09164476103509299,-0.09151645738391904,-0.0014362205348495089,-0.0576700559480984,-0.15563256979102677,-0.22080061199364717,-0.007457751247840647,-0.07620057588480458,0.09364829172302268,0.15226490898386225,-0.09379864531629283,-0.05841218858210495,-0.013907568857923268,-0.00954105634632614,0.5507008117169947,-0.09628797132210655,-0.15887026677189625,-0.17509655725187678,-0.2931950597061557,-0.0954423662011897,-0.09224938333542283,-0.11509617747863136,-0.010386927585605131,-0.006723793001434773,0.20251601531249536,-0.050542744203602843,-0.05489617996156425,-0.0864765036176967,-0.021551960364129884,-0.1348050684327826,-0.212223422030827,0.03530480589320647,0.15339046045081486,-0.11075700745870407,0.011227089789050125,-0.02511964617866869,-0.09741770419125327,-0.11776611278207845,-0.17672367872876282,-0.10094599047904593,-0.07341883018065727,-0.07113411573655722,-0.16055607088756693,-0.10887201750365079,-0.12842176004679012,-0.1310491136452997,-0.17180176909116227,-0.1797654884192463,-0.08347492043871622,-0.02444421924266452,0.010647769173202011,0.06019001060925909,-0.1302494955952812,-0.0983790164987617,0.0008146454363180024,-0.11815009931833242,-0.049120966593978625,-0.20834295537422173,-0.08064519415674605,-0.07733394114310575,-0.1358001805979483,0.07700910774643437,0.12250417862270198,0.007108914919641527,-0.1141017436396638,0.7567987379844563,-0.08254490400694235,0.017748736563064624,-0.37070544979086184,-0.07462257813912597,0.12019771692904525,0.2776931891721742],[-0.6743630730741601,-0.6208282121431774,-0.45322047710077357,-0.6524747678996534,-0.0011122690913021186,0.6068773336476366,0.6216670326995923,0.03915679060935866,0.09596676795114267,0.14016997480965523,0.0,0.7957981379426736,-0.5433970131609521,0.3050718194079947,0.02907913317357721,-0.571231244417786,-0.6334510849983961,-0.623259130742452,-0.5923829877428476,-0.5020882930975176,-0.6451651832543427,-0.4655894780703734,-0.1348486918163287,-0.6705190865252311,-0.5598484179754085,-0.0667555598100717,-0.6065915504468917,-0.6879761468391599,-0.6789245644816732,-0.5272683068094102,-0.5750038357358821,0.2955704101927526,-0.5505102693446828,-0.5874352535175579,-0.5388497849289772,-0.6622555150003526,-0.5463980593620302,-0.6591756786574359,-0.5966130036323367,-0.5533348001096726,-0.5302922498985349,-0.4641879780129313,-0.4971274471548893,-0.552711735278169,-0.6606146483593632,-0.030171218592223988,-0.6414966427261236,-0.5150302271166153,-0.541348207684735,-0.49687622710428986,-0.6334677933656632,-0.03069379618649845,-0.5764947901999397,-0.4952445043057753,-0.545743822130845,-0.5590141788380384,-0.567924567043542,-0.5894517563203362,-0.6542157767178117,0.2285354934947804,0.38391952316935385,-0.5870511559143538,-0.46225340741980214,-0.6479737886599887,-0.656246330261237,-0.6462765561132785,-0.4453346921284787,0.5764746364889859,-0.08886824327645332,-0.0011488842185033198,-0.6273089943604195,-0.4074955941843261,-0.538969569663037,-0.5777725802891797,-0.5558960260492325,-0.4151091424303704,-0.6693322074016983,0.08438156899575956,0.29391110474619686,0.6194760276907674,0.6430013691345233,0.5649499444947111,0.1831164282910977,-0.14259551444535837,-0.05330944639699967,-0.46388716375935557,-0.5539626431017555,0.5567343863590235,0.5854833170146998],[-0.6863894027310653,-0.6639115743557066,-0.45553962402692927,-0.669394302099392,-0.04130869598105073,0.5684177276691553,0.7742382173493141,0.03198776898000596,0.054880574325635166,-0.0628505409405994,0.7957981379426736,0.0,-0.6769192596097913,0.1107594557586253,0.07579286944236675,-0.606712374900694,-0.661116413368979,-0.6657336200831179,-0.6096093052078221,-0.5677618572859738,-0.651416008960339,-0.5203676666065645,-0.23584570367404178,-0.7114172613333628,-0.5997595108769225,-0.1494452864379637,-0.6207834847256318,-0.6687934575518192,-0.6916974880024236,-0.6015967156097274,-0.5998462735350156,0.08690987796025218,-0.6435284829806694,-0.6403485326014711,-0.6134102238126184,-0.6960669235355053,-0.5756690827164678,-0.6870406543525294,-0.6908709298440503,-0.5983203928438142,-0.5989667496585704,-0.6163958662721672,-0.6123259875912047,-0.6620318952280115,-0.6719317821316442,0.09258648043430527,-0.6976448235383618,-0.5081153888494199,-0.6574641120015188,-0.5941229206127391,-0.6351267982892427,0.03264961094311721,-0.5853268906789051,-0.5688142717125259,-0.6133038836639155,-0.5927470044173598,-0.6503808685941994,-0.6980750636205831,-0.6946325433118042,0.24753037198013084,0.4399559412448296,-0.6623911948227955,-0.5121220939227138,-0.6523491392574156,-0.6504808282633505,-0.7044364533682221,-0.5526286522658244,0.6742519844014392,-0.14724231812882227,-0.04749478454172691,-0.6919810913966795,-0.5448141440267276,-0.39578777241082796,-0.41061551849782935,-0.513367163385857,-0.3887727407748282,-0.694681097818291,0.03684597196815403,0.19121877462426584,0.6703000769777726,0.7409107928811551,0.6484261190505295,-0.020817768463484414,-0.2480983944622282,-0.00037796125924597984,-0.4858392997467695,-0.5983828675308898,0.665650580837494,0.6675665265934999],[0.7229452515946626,0.6307780850453457,0.49012571712272407,0.6038682007295842,-0.03385934248118189,-0.4153930099883013,-0.6090052874904359,-0.037503209054095404,-0.10228136340846311,0.13169135533268936,-0.5433970131609521,-0.6769192596097913,0.0,0.026537086226086165,-0.008477039155032597,0.6661137338594372,0.7813993987373237,0.7871390554002664,0.6063005375862528,0.6234454885282409,0.5777565300879502,0.6160136072644704,0.10432611063349977,0.7315511944479562,0.7785238054923812,0.1384068196080926,0.5611380726765796,0.6592665183328318,0.706040528418886,0.7282180290219563,0.6641547567117067,-0.06989932669012745,0.6788131805457116,0.6714256980499971,0.6511011972904968,0.6507570323436243,0.6194727053665319,0.7834393637442235,0.763135687716293,0.6113328111949401,0.6536022978802264,0.7591747685987057,0.7041282737166372,0.7805381166953219,0.7288940053371088,-0.04427245466736102,0.7167550268103109,0.5734030116731813,0.7203348442348712,0.6994315395616442,0.7675142394876312,0.021785727999279515,0.642061846462637,0.5929159571457635,0.653547008831202,0.665750521570241,0.5794083989706768,0.7606405357725932,0.7376548010130634,-0.23663902959205116,-0.37313846167969583,0.6871785803740754,0.6262940245864358,0.5986846593344519,0.5845561218068578,0.7418696836351004,0.6362880595610182,-0.5871130201162544,0.14464759250825876,-0.06586062859405331,0.75509725808639,0.6957702002160691,0.34203014449310415,0.27185139134336156,0.521017717951985,0.44700606654585195,0.7851461105771025,-0.0412793756798122,-0.16828554966093148,-0.5539997455698025,-0.5020598506199688,-0.50575010141306,0.06498203696956101,0.10074924550520423,0.07964968422345005,0.4526582001661041,0.6446956242304013,-0.6221625475539972,-0.6542259880324308],[-0.2531127829648518,-0.3950423507190096,-0.3710741627999238,-0.2784054987846546,-0.22285540329213038,0.5610323817915714,0.0016199261075262952,-0.22693656152466746,-0.21962571086601837,0.6276738775010227,0.3050718194079947,0.1107594557586253,0.026537086226086165,0.0,-0.0914143718129517,-0.21748737712203417,-0.2368693523103055,-0.23969920321934085,-0.20577355338482695,-0.18113456590063523,-0.2360715447748935,-0.2797212137961432,-0.3603016444819782,-0.23462853128812866,-0.2049726547769591,-0.023239268015826993,-0.045338383572396196,-0.22334024818481898,-0.24286217502404048,-0.14306208141920915,-0.2023134917330881,0.7650549678262154,-0.2641769015040441,-0.3686324605407589,-0.3152053190366521,-0.4176646579901658,-0.24821499051500265,-0.2879897648793358,-0.27105988003067183,-0.16025441551685266,-0.1496325138659469,0.05262317070317539,-0.1918321032298455,-0.19809545461157665,-0.2783310398846944,-0.14700169636781968,-0.3253494249004753,-0.39245760607221974,-0.10943161587211585,-0.04021621925918877,-0.31812485792713363,-0.09509875789748402,-0.19400414367140092,-0.23124636852278171,-0.2938259374636931,-0.290670135384531,-0.24746279360258075,-0.1940231540785736,-0.2728123760566683,0.02285272030793991,0.10573928461074339,-0.33577482163762745,-0.33528395745636386,-0.4238340399133592,-0.40179985098631593,-0.28085483123582744,-0.16148563961117854,0.19556885766138568,-0.025746949288846462,-0.22448641565561583,-0.26746486425961774,-0.09565252619271215,-0.30222574479982284,-0.31207442307077915,-0.4332064939753445,-0.28797826404473204,-0.25508818782783904,-0.17493974693270678,-0.0647487275778746,0.29078763563238974,0.22292858319287237,0.11142348523785404,0.5328439880462491,-0.19976163786297427,-0.09063914590524907,-0.45487741773571444,-0.2288194406913332,0.20946435134935926,0.3348367866455259],[0.026599723267978916,0.04536131341717344,0.13351953245260548,0.10090665968013254,0.02542960243153761,-0.05924374195112615,-0.04005620527198143,0.08992493565380781,-0.0383038675395783,0.033608546430082716,0.02907913317357721,0.07579286944236675,-0.008477039155032597,-0.0914143718129517,0.0,0.020910452548387796,-0.017020839104726293,0.032711674916615814,-0.19234035479673867,0.03507757754590982,-0.20815630234190052,0.09243246854205416,0.07839922723569615,-0.008010993637029663,0.018032933570339197,-0.07530176942349565,-0.006889472802418328,0.0026088666394500156,-0.02787329675661243,-0.09282197039663213,0.06175380673658649,-0.04622686020033464,0.006538035982508735,0.027003175030918692,0.13996254337259145,-0.05560268406218421,0.03776592923747881,0.022428722251878395,-0.021674007339707414,-0.05640152471683113,-0.10358536768546442,-0.028875757296350665,0.07787796587562952,0.03295898303958141,0.08509028391913281,0.7645361260330146,-0.01970528671172837,-0.13267334597471556,-0.009855468520837305,-0.014781927102581678,0.04318678859659183,0.05260824370494995,-0.07014205745409181,-0.003878996733104546,0.07861724787609388,-0.049614202008761425,0.004812734013126481,0.018355358653299715,0.003623037638106315,-0.023281062292077388,-0.06520729505878886,-0.04443615197341144,-0.008780381925457251,0.00797899777101129,0.0008063213090742302,-0.011891418222974907,0.038862057866033785,0.12787045514426515,-0.06142727269156893,-0.0038330717683081185,0.01273774175935004,0.08067244234960728,-0.13795849400289167,-0.06798032812563543,0.15398169599296777,0.1395369800437911,-0.023756734849923765,0.03345441766363091,0.04345973965748152,-0.06573374346359509,-0.009692951810713597,0.04607533881198311,-0.03881979578145365,-0.05915531213375357,0.09586464149047424,0.0897208332767208,0.00018885149697012168,-0.1559171971914927,0.016533916903074666],[0.7480775906553981,0.6710952248892804,0.6313893097338276,0.6886525494051777,-0.03197629846765712,-0.4810080933646138,-0.49231215705976994,-0.08016868202720027,-0.0575792264792372,-0.056281446989712984,-0.571231244417786,-0.606712374900694,0.6661137338594372,-0.21748737712203417,0.020910452548387796,0.0,0.7721588903206462,0.7823998778001678,0.5459274293235995,0.689961610730164,0.5664409660614154,0.578152116178871,0.044831690340067884,0.7414667856650426,0.7607246061511789,0.08604065755227117,0.5767548934413589,0.6686371680943983,0.6988250840443391,0.689768208897803,0.670493447282106,-0.2688600116141016,0.671973954664516,0.7600677127680948,0.7056053551504381,0.6579667807198915,0.6843450028394714,0.793201627753962,0.7429521262214508,0.621492858766507,0.6636271577784163,0.6174271339384946,0.6899670739051212,0.724773555357008,0.7643053129210394,0.06479075741356156,0.71982496841448,0.7140508052633894,0.6460642442631575,0.5945732680488044,0.7841789917080918,-0.015958641386043197,0.5575494559381896,0.6608348742093098,0.6465281933198411,0.6202372809532725,0.6020568543359364,0.6897126701400386,0.7731631945522739,-0.1814984833575858,-0.3151835526151962,0.6949548901904515,0.6210259081078383,0.7127031395204154,0.605716539223539,0.7868332518096209,0.5457152149745731,-0.614653940340875,0.09888397531808084,-0.05567041582021032,0.7725218510689393,0.6629150834698014,0.3761573606347579,0.3514316707068023,0.7068634327451356,0.588070465133835,0.7851865641547686,-0.07393938973174101,-0.17910469958451805,-0.5824535060755853,-0.46742903328255675,-0.45655592664936223,-0.08813544976944832,0.05257922883293528,0.0010554605802052044,0.49376204630052967,0.712502075309827,-0.5118048199068638,-0.6090849137442741],[0.8678635504021263,0.7814791382751276,0.6549596868063163,0.7772511536873088,-0.014771771348749664,-0.5350147374607087,-0.5190182468152091,-0.032556153521113726,-0.04502262042568182,-0.039068396783007206,-0.6334510849983961,-0.661116413368979,0.7813993987373237,-0.2368693523103055,-0.017020839104726293,0.7721588903206462,0.0,0.91064105156677,0.6873317712709878,0.7753534637476627,0.7341916751424967,0.7255610591448235,0.11180783060638662,0.8676490530371076,0.9066308420133594,0.16211554020303748,0.6615690466720079,0.7651655668125157,0.8350654949728684,0.858310432359615,0.7655039149776353,-0.2910595166370993,0.8010384708588999,0.8557903560649148,0.8084678778824185,0.7650843131546069,0.7650644631205487,0.9236944134500465,0.8975279967433051,0.7098173877669741,0.7537778288932065,0.7580334873006546,0.8150142429715516,0.8973432086134322,0.8884839958213434,0.03073059307132387,0.8624648385623103,0.7638917947648218,0.824143107685287,0.7418727596762824,0.9413957334211093,-0.003938384834442677,0.72450179302725,0.7676948413488736,0.8133868045749011,0.806740010225614,0.7141471333179463,0.863357717585414,0.8913779198924978,-0.23415124470156937,-0.3792789201324975,0.8481844333398224,0.7931754126551063,0.7737102126490509,0.7761155073824095,0.9062884697644423,0.6853677810504339,-0.6319114849893352,0.13961452185765577,-0.0400309895198263,0.9120118959744925,0.7937508868341349,0.5118316022462172,0.419998039060424,0.7459671462040569,0.6025472205687261,0.9243663573804304,-0.019607038749727846,-0.1270193255791752,-0.5870423978185704,-0.5339882679915614,-0.5544972631420805,-0.0865722586000941,0.13762652143552082,0.04192617251894535,0.5869243169502018,0.798081061776641,-0.5711385273332278,-0.6456151094418644],[0.9086655715519508,0.7933363041592425,0.674063859798068,0.8280442585665173,-0.030534801496245174,-0.5320182499952857,-0.5990191503070227,-0.05063481253061415,-0.09446699483384334,-0.09164476103509299,-0.623259130742452,-0.6657336200831179,0.7871390554002664,-0.23969920321934085,0.032711674916615814,0.7823998778001678,0.91064105156677,0.0,0.7042001556749602,0.7633460875562963,0.7149295059976352,0.7433390345539217,0.08880081965775032,0.9100697231775494,0.8620769719882846,0.09158463321529597,0.727278864299047,0.8158458817545454,0.8539793950614999,0.8726691188125647,0.8131834335306282,-0.23438414359061954,0.8118054242861058,0.8719732287302852,0.8134921044085841,0.760313750521999,0.7923575994464424,0.9447670620253967,0.8993851814732527,0.7430846487598374,0.7892508650284774,0.7914532574207509,0.8254645861502253,0.9020450163992505,0.9267275516878247,0.08950773217712649,0.8779878512013902,0.7441092509834207,0.8214434778324835,0.7442768943334209,0.9165446742927846,0.0020476635448608655,0.6869069838515204,0.801509204297998,0.8202079972004418,0.8247818864699468,0.6824454301886103,0.8801366799651995,0.9375795789617559,-0.22371265641835186,-0.3864342566915467,0.8566397999139667,0.7761798042555313,0.763719811263314,0.7501670714921063,0.9360044685956526,0.7350470052054907,-0.7253656238225544,0.07079852487131431,-0.04285271318420019,0.9395032561585303,0.7980542520719166,0.4512087592236406,0.3850648750001883,0.7581630451880136,0.5860746116146488,0.9391960149452304,-0.06384341922172072,-0.17941050539528036,-0.6161703789684542,-0.5230439834886914,-0.5158491545966153,-0.13516496382157722,0.10170365095877483,0.07247262964677684,0.5984422851038731,0.8454455439654455,-0.5984425303973663,-0.6526480509757121],[0.7021516937361882,0.5950137314872748,0.5156424375581407,0.6593988149571003,0.051039680071778566,-0.4871925180002181,-0.5174460974341446,-0.012257483921304721,-0.02204316435730643,-0.09151645738391904,-0.5923829877428476,-0.6096093052078221,0.6063005375862528,-0.20577355338482695,-0.19234035479673867,0.5459274293235995,0.6873317712709878,0.7042001556749602,0.0,0.61376733029094,0.7496949294419305,0.7302664273004512,0.16155458468491893,0.7403208745008402,0.6109081923855407,0.1171186620266327,0.6300477412815914,0.6358606770310602,0.7309379636073191,0.7164405886123059,0.5917631238560089,-0.19245015283441302,0.6202917595449018,0.6390204624000058,0.6666757280822074,0.5969855496420221,0.5995097194804752,0.7096953881035146,0.6992935128319439,0.6229438807463799,0.6118006051563785,0.6191184993977168,0.6114778033919479,0.686854975163369,0.6951957282110237,-0.15950212489991783,0.6696259205247667,0.5964539191908969,0.60881198844091,0.6745156453359257,0.654220392791144,-0.023388910723905466,0.6468187465716082,0.6160342756908352,0.6244923942405145,0.6472459195210922,0.5332310198691519,0.700989918908501,0.7245110516554064,-0.21950369588351792,-0.36155291299736014,0.6516378812522429,0.5408496029202008,0.5718761094546168,0.6425528540257034,0.7336754460684726,0.5560628865507007,-0.6393712232459435,0.1384727197827162,0.027302286113671262,0.7104372518842693,0.6227919059687546,0.5474128497266705,0.450943178916355,0.6049982910501522,0.5022309474218724,0.764680714537683,0.0020224761735373672,-0.14355976302229762,-0.5859571133092036,-0.4958100620258119,-0.4771209111759022,-0.13978549150026395,0.17030569635336398,-0.008025602843879211,0.3933354669058022,0.6789119118903796,-0.511616136429644,-0.5661860093597276],[0.7911101715853465,0.6004653776419762,0.6464024917549178,0.6957321140843706,-0.0457515338078117,-0.3793605895217266,-0.46974321090802484,-0.07795243610944157,-0.06360153468971715,-0.0014362205348495089,-0.5020882930975176,-0.5677618572859738,0.6234454885282409,-0.18113456590063523,0.03507757754590982,0.689961610730164,0.7753534637476627,0.7633460875562963,0.61376733029094,0.0,0.6749604041003167,0.6741921977090619,0.02314147277172939,0.7695633366653615,0.730614270880011,0.15947517850103307,0.6371076662073416,0.6505027382809226,0.7300716135357561,0.7245397018446759,0.6609087621842253,-0.21974300345202769,0.6933218356626293,0.7060545021578952,0.7062624935644766,0.5631851494560136,0.6719651859898751,0.8091128517962064,0.694313246864217,0.5990044748995265,0.646953357507727,0.6572170107904194,0.6999006282420086,0.7284160652670566,0.776240719400068,0.028014860183753893,0.6933076946013274,0.6282671546095943,0.6613000888578604,0.6029821069067812,0.7707191434675601,-0.033102226934502876,0.5500522352608677,0.6488728003289006,0.6854853979814267,0.6117923649234203,0.56278295345695,0.6576028334948797,0.7979352145117158,-0.18708669269205386,-0.3119091604003432,0.6554832005564488,0.6033206518564189,0.6773337758053061,0.58260663698811,0.79352232766814,0.5483522166979775,-0.6241153154471144,0.10732447989495866,-0.028424358760449384,0.7807308583510371,0.650967380882215,0.38507465091404225,0.3621199165762436,0.7203051244089406,0.6073954293378122,0.7959163508160639,-0.04625131583155685,-0.14671005736040948,-0.5122611826616763,-0.4123783523641018,-0.42670844701063837,-0.10388880117288993,0.08874237433786765,-0.020852685603791193,0.45956531152428365,0.7372727571565707,-0.4197026206403079,-0.500696222430283],[0.7413403162717589,0.6565330214576075,0.4949056249160977,0.6587110906108742,0.03729895711694498,-0.48842289012235063,-0.4818591814502804,-0.007132912370519192,0.0030912225355166534,-0.0576700559480984,-0.6451651832543427,-0.651416008960339,0.5777565300879502,-0.2360715447748935,-0.20815630234190052,0.5664409660614154,0.7341916751424967,0.7149295059976352,0.7496949294419305,0.6749604041003167,0.0,0.6839542564110289,0.11322778784159895,0.7630413371496215,0.6304511427180404,0.17157068251444338,0.6511445130020903,0.6585804733305397,0.7422281905192618,0.7205651600364317,0.6081862030634694,-0.22301678465190306,0.6394721349365349,0.6710305691718391,0.6181442212597815,0.6558119869634335,0.5998323409343639,0.7237781409566867,0.7015101734458796,0.6282374957313605,0.6160553752624877,0.5869840378225922,0.6022785639837218,0.6813141134547105,0.7097841316318164,-0.14584449823588042,0.7019452448875755,0.6193454686973341,0.6438431185191177,0.6386379266793446,0.6995150120080198,-0.02793180649664691,0.6868752595848349,0.6018778304255112,0.6465362045672736,0.6355895577095583,0.5649860943148934,0.683443978657626,0.7523937373634126,-0.17894257111876577,-0.3089740405278494,0.7302003530956265,0.5906814908713602,0.6609346900960268,0.7179713932156043,0.7504205920730754,0.5311861677255447,-0.6610822567135327,0.13510279087925,0.05599804253107887,0.7278242017209279,0.5613617689532797,0.6160830040963704,0.5466195086856183,0.6217684113177563,0.47317905991230746,0.7830815885075556,-0.00840079146573399,-0.15086968291946778,-0.5403043818015424,-0.5391498579328602,-0.5361958918043651,-0.14621579081805747,0.21384531872455875,-0.018171575817112796,0.47204799325247654,0.6903667975878196,-0.4662079234233055,-0.4985137084248639],[0.6557595657420248,0.6635064448965127,0.6002741565770711,0.6028101827329593,0.06690184708499075,-0.5439101128018197,-0.5404619417726091,0.06442677126817052,-0.020996485757569697,-0.15563256979102677,-0.4655894780703734,-0.5203676666065645,0.6160136072644704,-0.2797212137961432,0.09243246854205416,0.578152116178871,0.7255610591448235,0.7433390345539217,0.7302664273004512,0.6741921977090619,0.6839542564110289,0.0,0.19093740583795885,0.6701896800109061,0.7020675956968403,0.14338953516248176,0.45330869676212154,0.58528266084852,0.6588520027741553,0.6397254758876362,0.5957644795552843,-0.3306789114404819,0.6381673310263417,0.6995339979879088,0.7286415530428515,0.6333755099200649,0.5929621537341618,0.7349054100015983,0.7528791734959415,0.5753108521384536,0.6140846548895795,0.6228707847591359,0.7054337347479994,0.7257441724900828,0.7188282879678133,0.1074459202358982,0.7206153212078219,0.6504139458100255,0.6369518266146027,0.6172734536458391,0.7129276113403533,-0.06477943178369475,0.5772042786257486,0.5837255654917979,0.6869086818494752,0.6791283660013983,0.5480517542496651,0.714610354950836,0.6937594072797739,-0.21379881433551073,-0.3667755177001069,0.7016327665377377,0.5924996992976622,0.5769719364277375,0.6640498622049333,0.7213821222509452,0.6057137706147004,-0.5221880967778956,0.10177394160824021,0.007112813669344529,0.7352962379851645,0.6794253131027393,0.45063291295228947,0.24064944055705864,0.6283105135148218,0.5033883368984858,0.7443243819225418,0.04344